     2.45
   634.20
   694.85
  1180.95
  2311.60
  2321.60
  2353.35
  2408.05
  2486.55
  2520.40
  2554.50
  2581.40
  2605.50
  2682.75
  2709.85
  2748.55
  2962.90
  3868.70
  4554.10
  4569.35
  4609.40
  4952.10
  5432.25
  5725.25
  5972.75
  6352.75
  6372.75
  6395.25
  6733.40
  6751.80
  6752.35
  6776.10
  6793.30
  6808.95
  6837.00
  6864.20
  6928.50
  6985.40
  7513.20
  8898.65
  9229.25
  9726.65
  9804.95
  9900.40
 10263.15
 10288.15
 10308.00
 10332.75
 10365.70
 10425.10
 10872.00
 11081.10
 11313.00
 11595.15
 11616.15
 12047.20
 12309.20
 12328.15
 12345.70
 12373.15
 12983.45
 13836.55
 14505.90
 14933.65
 14977.25
 15002.45
 15634.20
 15694.85
 16180.95
 17311.60
 17321.60
 17353.35
 17408.05
 17486.55
 17520.40
 17554.50
 17581.40
 17605.50
 17682.75
 17709.85
 17748.55
 17962.90
 18868.70
 19554.10
 19569.35
 19609.40
 19952.10
 20147.25
 20168.35
 20200.55
 20246.45
 20368.95
 21020.60
 21035.85
 21094.35
 21123.30
 21442.75
 21462.75
 21485.25
 21503.45
 21525.05
 21552.05
 21571.60
 21619.00
 21923.35
 22268.60
 22293.35
 22310.10
 22333.00
 22372.40
 22574.60
 22593.20
 22609.60
 22631.15
 22653.40
 22698.25
 23284.85
 23285.65
 23308.20
 23325.25
 23345.90
 23550.05
 24617.65
 26865.95
 27629.50
 27945.90
 29564.65
 29922.40
 29946.60
 29985.35
 30432.25
 30725.25
 30972.75
 31352.75
 31372.75
 31395.25
 31733.40
 31751.80
 31752.35
 31776.10
 31793.30
 31808.95
 31837.00
 31864.20
 31928.50
 31985.40
 32513.20
 33898.65
 34229.25
 34726.65
 34804.95
 34900.40
 35263.15
 35288.15
 35308.00
 35332.75
 35365.70
 35425.10
 35872.00
 36081.10
 36313.00
 36595.15
 36616.15
 37047.20
 37309.20
 37328.15
 37345.70
 37373.15
 37983.45
 38836.55
 39505.90
 39933.65
 39977.25
 40002.45
 40634.20
 40694.85
 41180.95
 42311.60
 42321.60
 42353.35
 42408.05
 42486.55
 42520.40
 42554.50
 42581.40
 42605.50
 42682.75
 42709.85
 42748.55
 42962.90
 43868.70
 44554.10
 44569.35
 44609.40
 44952.10
 45147.25
 45168.35
 45200.55
 45246.45
 45368.95
 46020.60
 46035.85
 46094.35
 46123.30
 46442.75
 46462.75
 46485.25
 46503.45
 46525.05
 46552.05
 46571.60
 46619.00
 46923.35
 47268.60
 47293.35
 47310.10
 47333.00
 47372.40
 47574.60
 47593.20
 47609.60
 47631.15
 47653.40
 47698.25
 48284.85
 48285.65
 48308.20
 48325.25
 48345.90
 48550.05
 49617.65
 51865.95
 52629.50
 52945.90
 54564.65
 54922.40
 54946.60
 54985.35
 55432.25
 55725.25
 55972.75
 56352.75
 56372.75
 56395.25
 56733.40
 56751.80
 56752.35
 56776.10
 56793.30
 56808.95
 56837.00
 56864.20
 56928.50
 56985.40
 57513.20
 58898.65
 59229.25
 59726.65
 59804.95
 59900.40
 60263.15
 60288.15
 60308.00
 60332.75
 60365.70
 60425.10
 60872.00
 61081.10
 61313.00
 61595.15
 61616.15
 62047.20
 62309.20
 62328.15
 62345.70
 62373.15
 62983.45
 63836.55
 64505.90
 64933.65
 64977.25
 65002.45
 65634.20
 65694.85
 66180.95
 67311.60
 67321.60
 67353.35
 67408.05
 67486.55
 67520.40
 67554.50
 67581.40
 67605.50
 67682.75
 67709.85
 67748.55
 67962.90
 68868.70
 69554.10
 69569.35
 69609.40
 69952.10
 70147.25
 70168.35
 70200.55
 70246.45
 70368.95
 71020.60
 71035.85
 71094.35
 71123.30
 71442.75
 71462.75
 71485.25
 71503.45
 71525.05
 71552.05
 71571.60
 71619.00
 71923.35
 72268.60
 72293.35
 72310.10
 72333.00
 72372.40
 72574.60
 72593.20
 72609.60
 72631.15
 72653.40
 72698.25
 73284.85
 73285.65
 73308.20
 73325.25
 73345.90
 73550.05
 74617.65
 76865.95
 77629.50
 77945.90
 79564.65
 79922.40
 79946.60
 79985.35
 80432.25
 80725.25
 80972.75
 81352.75
 81372.75
 81395.25
 81733.40
 81751.80
 81752.35
 81776.10
 81793.30
 81808.95
 81837.00
 81864.20
 81928.50
 81985.40
 82513.20
 83898.65
 84229.25
 84726.65
 84804.95
 84900.40
 85263.15
 85288.15
 85308.00
 85332.75
 85365.70
 85425.10
 85872.00
 86081.10
 86313.00
 86595.15
 86616.15
 87047.20
 87309.20
 87328.15
 87345.70
 87373.15
 87983.45
 88836.55
 89505.90
 89933.65
 89977.25
 90002.45
 90634.20
 90694.85
 91180.95
 92311.60
 92321.60
 92353.35
 92408.05
 92486.55
 92520.40
 92554.50
 92581.40
 92605.50
 92682.75
 92709.85
 92748.55
 92962.90
 93868.70
 94554.10
 94569.35
 94609.40
 94952.10
 95147.25
 95168.35
 95200.55
 95246.45
 95368.95
 96020.60
 96035.85
 96094.35
 96123.30
 96442.75
 96462.75
 96485.25
 96503.45
 96525.05
 96552.05
 96571.60
 96619.00
 96923.35
 97268.60
 97293.35
 97310.10
 97333.00
 97372.40
 97574.60
 97593.20
 97609.60
 97631.15
 97653.40
 97698.25
 98284.85
 98285.65
 98308.20
 98325.25
 98345.90
 98550.05
 99617.65
101865.95
102629.50
102945.90
104564.65
104922.40
104946.60
104985.35
105432.25
105725.25
105972.75
106352.75
106372.75
106395.25
106733.40
106751.80
106752.35
106776.10
106793.30
106808.95
106837.00
106864.20
106928.50
106985.40
107513.20
108898.65
109229.25
109726.65
109804.95
109900.40
110263.15
110288.15
110308.00
110332.75
110365.70
110425.10
110872.00
111081.10
111313.00
111595.15
111616.15
112047.20
112309.20
112328.15
112345.70
112373.15
112983.45
113836.55
114505.90
114933.65
114977.25
115002.45
115634.20
115694.85
116180.95
117311.60
117321.60
117353.35
117408.05
117486.55
117520.40
117554.50
117581.40
117605.50
117682.75
117709.85
117748.55
117962.90
118868.70
119554.10
119569.35
119609.40
119952.10
120147.25
120168.35
120200.55
120246.45
120368.95
121020.60
121035.85
121094.35
121123.30
121442.75
121462.75
121485.25
121503.45
121525.05
121552.05
121571.60
121619.00
121923.35
122268.60
122293.35
122310.10
122333.00
122372.40
122574.60
122593.20
122609.60
122631.15
122653.40
122698.25
123284.85
123285.65
123308.20
123325.25
123345.90
123550.05
124617.65
126865.95
127629.50
127945.90
129564.65
129922.40
129946.60
129985.35
